variant_id,stop_id
561170,638
561170,3124
561171,3123
561171,636
561172,638
561172,3124
561172,3431
561173,695
561173,3123
561173,636
561174,638
561174,3124
561175,695
561175,3123
561175,636
561176,48
561176,695
561176,3123
561176,636
561177,638
561177,3124
561178,3123
561178,636
577393,149
577394,148
577395,72
577396,73
577397,2716
577398,2715
577399,2251
577399,992
577400,1015
577401,149
577402,148
577402,2716
577403,73
577403,3467
577404,2838
577404,3476
577404,74
577405,2251
577405,895
577406,992
577406,1015
577407,149
577407,912
577408,148
577409,148
577410,148
577410,2716
577411,153
577411,148
577412,153
577412,148
577413,153
577413,148
577413,2716
577414,73
577415,73
577416,73
577416,2716
577419,2716
577420,1015
577421,2251
577425,1015
577425,2716
577426,148
577427,148
577428,148
577428,2716
577429,148
577430,2838
577430,3476
577430,74
577430,798
577431,2838
577431,3476
577431,74
577432,2838
577432,3476
577432,74
577432,2716
577434,74
577435,74
577436,74
577436,2716
577437,74
577438,73
577439,799
577439,73
577440,1015
577442,1015
577442,2716
577443,2716
577443,2477
577444,2040
577446,2040
577446,2716
603259,616
603259,1248
603259,711
603259,2279
603259,740
603259,748
603259,744
603259,2007
603259,1083
603260,743
603260,747
603260,739
603260,3415
603260,2828
603260,1819
603261,616
603261,1248
603261,711
603261,2279
603261,740
603261,748
603262,743
603262,747
603262,739
603262,3415
603262,2828
603262,1819
603263,3529
603263,1977
603263,2073
603263,1979
603263,1702
603263,2076
603263,2680
603263,3067
603264,3066
603264,1082
603264,1703
603264,2073
603264,1979
603264,2075
603264,1978
603264,3529
603264,3415
603265,711
603265,3422
603265,770
603266,771
603266,3415
603266,2828
603267,616
603267,1248
603267,711
603267,2279
603267,740
603267,748
603267,1084
603268,1087
603268,747
603268,739
603268,3415
603268,2828
603268,1819
603269,3420
603269,2782
603269,2928
603269,777
603269,2115
603270,2114
603270,776
603270,2781
603270,3415
603271,616
603271,1248
603271,711
603271,2279
603271,740
603271,748
603271,744
603271,2007
603271,1083
603272,2279
603272,740
603272,748
603272,744
603272,2007
603272,1083
603273,616
603273,1248
603273,711
603274,616
603274,1248
603274,711
603275,616
603275,1248
603275,711
603276,616
603276,1248
603276,711
603276,2279
603276,740
603276,748
603276,744
603277,616
603277,1248
603277,711
603277,2279
603277,740
603277,748
603277,1084
603277,744
603277,2007
603277,1083
603278,616
603278,1248
603278,711
603278,2279
603278,740
603278,748
603278,744
603278,2008
603278,1077
603278,1999
603278,1082
603279,743
603279,747
603279,739
603279,3415
603279,2828
603279,1819
603280,3415
603280,2828
603280,1819
603281,743
603281,747
603281,739
603281,3415
603281,2828
603281,1819
603282,1081
603282,2009
603282,743
603282,747
603282,739
603282,3415
603282,2828
603282,1819
603283,1200
603283,2006
603283,747
603283,739
603283,3415
603283,2828
603283,1819
603284,1200
603284,2006
603284,743
603284,747
603284,739
603284,3415
603284,2828
603284,1819
603285,1200
603285,2006
603285,743
603285,747
603285,739
603285,3415
603285,2828
603285,1819
603286,1200
603286,2006
603286,743
603286,1084
603286,747
603286,739
603286,3415
603286,2828
603286,1819
603287,1200
603287,2006
603287,743
603287,1084
603287,747
603287,739
603287,3415
603287,2828
603287,1819
603288,616
603288,1248
603288,711
603288,2279
603288,740
603288,748
603289,743
603289,1084
603289,747
603289,739
603289,3415
603289,2828
603289,1819
603290,616
603290,1248
603290,711
603290,2279
603290,740
603290,748
603292,3421
603292,1977
603292,2074
603292,1702
603292,2076
603292,3064
603292,2680
603292,3067
603293,3421
603293,1977
603293,1979
603293,1702
603293,2756
603293,2076
603293,3064
603293,2680
603293,3067
603294,1977
603294,1979
603294,1702
603295,3421
603295,1977
603295,2074
603295,1702
603296,2074
603296,1702
603297,711
603297,2074
603297,1702
603298,1081
603298,2076
603298,3064
603298,2680
603298,3067
603299,3421
603299,3529
603299,1977
603299,2074
603299,1702
603299,2076
603299,2680
603299,3067
603300,3529
603300,1977
603300,2074
603300,1702
603300,2076
603300,2680
603300,3067
603301,3244
603301,3529
603301,1977
603301,2073
603301,1979
603301,1702
603301,2076
603301,2680
603301,3067
603302,3245
603302,3415
603303,3066
603303,1082
603303,2075
603303,1978
603303,3529
603303,3415
603304,3066
603304,1082
603304,2075
603304,1978
603304,3529
603305,3066
603305,2077
603305,1082
603305,2075
603305,1978
603305,3529
603306,3066
603306,2077
603306,1082
603306,2075
603306,1978
603306,3529
603306,3415
603307,3066
603307,2077
603307,1082
603307,2075
603307,1978
603307,3529
603307,3415
603308,3066
603308,1082
603308,1703
603308,2073
603308,1979
603308,2075
603308,1978
603308,3529
603308,3415
603309,3066
603309,1082
603309,2073
603309,1979
603309,2075
603309,1978
603309,3415
603310,3066
603310,1082
603310,2075
603310,3529
603310,3415
603311,3066
603311,1082
603312,3066
603312,1082
603313,711
603313,3422
603313,770
603313,2929
603313,1091
603314,711
603314,3422
603314,770
603314,2929
603316,2928
603316,771
603316,3415
603316,2828
603317,2928
603317,771
603318,771
603318,3415
603318,2828
603319,1090
603319,2928
603319,771
603319,3415
603319,2828
603320,1090
603320,2928
603320,771
603320,3415
603320,2828
603321,711
603321,3422
603321,770
603321,2929
603321,3027
603322,3026
603322,771
603322,3415
603322,2828
603323,1087
603323,747
603323,739
603323,3415
603323,2828
603323,1819
603324,616
603324,1248
603324,711
603324,2279
603324,740
603324,748
603325,616
603325,1248
603325,711
603325,2279
603325,740
603325,748
603325,1084
603326,616
603326,1248
603326,711
603326,2279
603326,740
603326,748
603327,616
603327,1248
603327,711
603327,2279
603327,740
603327,748
603328,1087
603328,747
603328,739
603328,3415
603328,2828
603328,1819
603329,1087
603329,1084
603329,747
603329,739
603329,3415
603329,2828
603329,1819
603330,1087
603330,747
603330,739
603330,3415
603330,2828
603330,1819
603331,2782
603331,2929
603332,3420
603332,2782
603332,3026
603332,2928
603332,777
603333,3420
603333,2782
603334,2782
603335,2782
603335,2929
603336,2114
603336,776
603336,2781
603336,3415
603337,2114
603337,776
603337,2781
603337,3415
603338,2114
603338,776
603338,2781
603338,3415
603339,2114
603339,776
603339,2781
603340,2114
603340,2781
603340,3415
603341,2114
603341,2781
603341,3415
603342,2781
603342,3415
603343,2781
603343,3415
603344,2781
603344,3415
603345,2305
603345,3034
603345,3036
603345,1979
603345,1702
603345,3060
603345,3031
603346,3061
603346,1703
603346,1731
603346,3037
603346,3035
603346,2274
603347,711
603347,770
603347,2929
603347,3027
603348,2928
603348,771
603348,3415
603348,2828
603349,748
603350,1087
603350,3415
603351,3421
603351,2305
603351,3034
603351,3036
603351,1979
603351,1702
603351,3060
603351,3031
603352,3421
603352,2305
603352,3034
603352,3033
603352,3031
603352,1722
603353,2305
603353,3034
603353,3033
603353,3031
603353,1722
603354,2305
603354,3034
603354,3033
603354,3031
603354,1722
603355,3061
603355,1703
603355,1731
603355,3037
603355,3035
603355,2274
603356,3061
603356,1703
603356,1731
603356,3037
603356,3035
603356,2274
603356,3415
603357,3061
603357,1703
603357,1731
603357,3037
603357,3035
603357,2274
603357,3420
603358,3030
603358,3032
603358,3035
603358,2274
603358,3415
603359,3061
603360,2928
603360,771
603360,3415
603360,2828
603361,711
603361,770
603361,2929
603361,3027
603362,2928
603362,771
603362,3415
603362,2828
603363,1297
603363,1295
603363,2928
603363,771
603363,3415
603363,2828
603364,3415
603367,742
603367,748
603368,742
603368,748
603369,748
603370,748
603371,1087
611151,1249
611151,27
611152,26
611152,3133
611845,1249
611845,27
611846,26
611846,3133
613952,1501
613952,1580
613952,1397
613953,1398
613953,1581
613953,1502
613954,1501
613954,1580
613954,1397
613955,1398
613955,2820
613955,1581
613955,1502
613956,1680
613956,2034
613956,1417
613956,3521
613956,1397
613957,1398
613957,3522
613957,1418
613957,2031
613957,1868
613958,1680
613958,1614
613958,2817
613958,1497
613959,1497
613959,2818
613959,1459
613959,1868
613960,1582
613960,1614
613960,2817
613960,1531
613961,1542
613961,1579
613961,1583
613962,1528
613962,1748
613962,1655
613962,1547
613962,3524
613962,2820
613962,1541
613962,1579
613962,1585
613963,1584
613963,1578
613963,1544
613963,3523
613963,1548
613963,1747
613964,1582
613964,1614
613964,1543
613964,1397
613965,1398
613965,1541
613965,1615
613965,1583
613966,1582
613966,1578
613966,1544
613967,1532
613967,2818
613967,1583
613968,1548
613968,1420
613968,1581
613968,1502
613968,1572
613969,1573
613969,1501
613969,1580
613969,1419
613969,1547
613970,1542
613970,1419
613970,1654
613970,1749
613971,1748
613971,1655
613971,1420
613971,1543
613972,1746
613972,1420
613972,3521
613972,2820
613972,1497
613973,1497
613973,2818
613973,3523
613973,1419
613973,1471
613973,1749
613974,1751
613974,1868
613975,1680
613975,1750
613976,1746
613976,1420
613976,1581
613976,1502
613976,1572
613977,1573
613977,1501
613977,1580
613977,1616
613977,1419
613977,1471
613977,1749
613978,1497
613978,2818
613978,2031
613978,1495
613979,1897
613979,2032
613979,1651
613979,2817
613979,1497
613980,1897
613980,2034
613980,1417
613980,1581
613981,1580
613981,1418
613981,2031
613981,1897
613982,1629
613982,2034
613982,1417
613982,1496
613982,1604
613983,1603
613983,1497
613983,1441
613983,1418
613983,2033
613983,1628
613984,1407
613984,2818
613984,1617
613984,1581
613984,1502
613984,1572
613985,1573
613985,1501
613985,1580
613985,2817
613985,1531
613986,1542
613986,3523
613986,1419
613986,1547
613987,1548
613987,1420
613987,3521
613987,1541
613988,1542
613988,2819
613988,3523
613988,1418
613988,2031
613988,1897
613989,1897
613989,2034
613989,1417
613989,3521
613989,2820
613989,1541
613990,1398
613990,3522
613990,1418
613990,2033
613990,1570
613990,1628
613991,1629
613991,2034
613991,1417
613991,3521
613991,1397
613992,1746
613992,1655
613992,1420
613992,1581
613992,1573
613993,1573
613993,1501
613993,1580
613993,1419
613993,1654
613993,1747
613994,1581
613994,1502
613995,1501
613995,1580
613995,1544
613997,1398
613998,1397
614000,1398
614001,1501
614001,1580
614002,1397
614003,1581
614003,1502
614004,1680
614004,2034
614004,1417
614004,3521
614004,1397
614005,1398
614005,3522
614005,1418
614005,2031
614005,1868
614011,1868
614012,1585
614012,1868
614015,2034
614015,1417
614015,3521
614015,1397
614017,1680
614019,1398
614019,3522
614019,1418
614019,2031
614021,1680
614021,1614
614021,2817
614021,1497
614024,1603
614024,1497
614024,2818
614024,1459
614024,1868
614026,1680
614027,1869
614035,1582
614035,1614
614035,2817
614035,1531
614035,1408
614039,1409
614039,1542
614039,1579
614039,1583
614040,1542
614040,1579
614041,1531
614043,1587
614048,1586
614049,1582
614049,1614
614049,2817
614050,1586
614051,1582
614051,2817
614056,1528
614056,1748
614056,1655
614056,1547
614056,3524
614056,2820
614056,1541
614056,1579
614056,1585
614060,1528
614060,1748
614060,1655
614060,1547
614060,3524
614060,2820
614060,1541
614060,1579
614060,1585
614066,1584
614066,1578
614066,1544
614066,3523
614066,1548
614066,1747
614070,3523
614070,1548
614070,1747
614075,1398
614075,1541
614075,1615
614075,1583
614084,1582
614086,1587
614088,1531
614089,1531
614091,1532
614091,2818
614091,1583
614092,1532
614092,2818
614092,1583
614093,1586
614094,1586
614099,1548
614099,1420
614099,1502
614099,1572
614101,1581
614101,1502
614101,1572
614102,1573
614102,1501
614102,1580
614102,1419
614102,1547
614103,1573
614103,1501
614103,1580
614105,1573
614105,1501
614105,1580
614108,1502
614108,1572
614109,1548
614109,1420
614109,1581
614109,1502
614109,1572
614112,1548
614112,1420
614112,1502
614112,1572
614114,1581
614114,1502
614114,1572
614115,1419
614115,1547
614119,1548
614119,1420
614120,1542
614125,1541
614132,1751
614133,1748
614133,1655
614133,1420
614133,1543
614133,1410
614141,1584
614141,1420
614141,3521
614141,2820
614141,1497
614142,1603
614142,1497
614142,2818
614142,3523
614142,1419
614142,1471
614142,1749
614143,3522
614143,1419
614143,1471
614143,1749
614144,1584
614144,1472
614144,1749
614147,1746
614153,1751
614154,1868
614155,1680
614155,1750
614157,1750
614158,1680
614159,1746
614159,1420
614159,1581
614159,1502
614159,1572
614162,1581
614162,1502
614162,1572
614164,1472
614164,1749
614165,1581
614165,1502
614165,1572
614166,1573
614166,1501
614166,1580
614167,1746
614169,1573
614169,1501
614169,1580
614170,1581
614170,1502
614170,1572
614171,1897
614172,1897
614172,1651
614172,2817
614174,1897
614174,1651
614174,2817
614174,1497
614178,1897
614179,1495
614180,1495
614181,1495
614183,1897
614186,1580
614187,1580
614187,1418
614187,2031
614187,1495
614188,1580
614188,1418
614188,2031
614189,1897
614189,2034
614189,1417
614189,1581
614191,1418
614191,2031
614191,1897
614192,1581
614193,1581
614195,1573
614198,1897
614199,1897
614203,1581
614207,1495
614209,1580
614211,1897
614213,2034
614213,1417
614213,1496
614213,1604
614218,2033
614218,1628
614219,1629
614219,2031
614220,1496
614220,1604
614221,2033
614221,1628
614226,1603
614226,1497
614227,2820
614227,1496
614227,1604
614228,2548
614231,1573
614231,1501
614231,1580
614231,2817
614232,1573
614232,1501
614232,1580
614234,2820
614234,1581
614234,1502
614234,1572
614235,2818
614235,1581
614235,1502
614235,1572
614236,1407
614237,1581
614237,1502
614237,1572
614238,1578
614238,2817
614238,1531
614240,1407
614240,2818
614240,1617
614240,1581
614240,1502
614240,1572
614242,1531
614246,1573
614246,1501
614246,1580
614247,1542
614248,1548
614248,1420
614248,3521
614251,1541
614255,1548
614255,1420
614255,3521
614256,3522
614256,1419
614256,1547
614260,1897
614260,2034
614260,1417
614260,3521
614260,2820
614260,1541
614262,1897
614262,2034
614262,1417
614262,3521
614262,2820
614263,2820
614263,1541
614264,1531
614264,1408
614265,3523
614265,1418
614265,2031
614265,1897
614266,1409
614266,1542
614266,3523
614266,1418
614266,2031
614266,1897
614269,1897
614269,2034
614269,1417
614269,3521
614270,1407
614272,1398
614272,3522
614272,1418
614275,2033
614275,1570
614275,1628
614276,1628
614277,2033
614277,1570
614277,1628
614278,1629
614278,2034
614278,1417
614278,3521
614278,1397
614279,1629
614281,1398
614281,3522
614281,1418
614281,2033
614281,1570
614281,1628
614284,2034
614284,1417
614284,3521
614284,1397
614286,1398
614286,3522
614286,1418
614286,2033
614286,1570
614287,1573
614287,1501
614287,1580
614289,1581
614289,1573
614291,1746
614291,1655
614291,1420
614292,1746
614292,1655
614292,1420
614293,1573
614293,1501
614294,1419
614294,1654
614294,1747
614295,1581
614295,1502
614295,1573
614296,1497
614296,1581
614296,1502
614296,1573
614298,1581
614298,1502
614298,1573
614299,1573
614300,1419
614300,1654
614300,1747
614301,1501
614301,1580
614301,1397
614302,1398
614302,1581
614302,1502
614303,1501
614303,1580
614303,1397
614304,1398
614304,2820
614304,1581
614304,1502
614305,1680
614305,2034
614305,1417
614305,3521
614305,1397
614306,1398
614306,3522
614306,1418
614306,2031
614306,1868
614307,1680
614307,1614
614307,2817
614307,1497
614308,1497
614308,2818
614308,1459
614308,1868
614309,1582
614309,1614
614309,2817
614309,1531
614310,1542
614310,1579
614310,1583
614311,1528
614311,1748
614311,1655
614311,1547
614311,3524
614311,2820
614311,1541
614311,1579
614311,1585
614312,1584
614312,1578
614312,1544
614312,3523
614312,1548
614312,1747
614313,1582
614313,1614
614313,1543
614313,1397
614314,1398
614314,1541
614314,1615
614314,1583
614315,1582
614315,1578
614315,1544
614316,1532
614316,2818
614316,1583
614317,1548
614317,1420
614317,1581
614317,1502
614317,1572
614318,1573
614318,1501
614318,1580
614318,1419
614318,1547
614319,1542
614319,1419
614319,1654
614319,1749
614320,1748
614320,1655
614320,1420
614320,1543
614321,1746
614321,1420
614321,3521
614321,2820
614321,1497
614322,1497
614322,2818
614322,3523
614322,1419
614322,1471
614322,1749
614323,1751
614323,1868
614324,1680
614324,1750
614325,1746
614325,1420
614325,1581
614325,1502
614325,1572
614326,1573
614326,1501
614326,1580
614326,1616
614326,1419
614326,1471
614326,1749
614327,1497
614327,2818
614327,2031
614327,1495
614328,1897
614328,2032
614328,1651
614328,2817
614328,1497
614329,1897
614329,2034
614329,1417
614329,1581
614330,1580
614330,1418
614330,2031
614330,1897
614331,1629
614331,2034
614331,1417
614331,1496
614331,1604
614332,1603
614332,1497
614332,1441
614332,1418
614332,2033
614332,1628
614333,1407
614333,2818
614333,1617
614333,1581
614333,1502
614333,1572
614334,1573
614334,1501
614334,1580
614334,2817
614334,1531
614335,1542
614335,3523
614335,1419
614335,1547
614336,1548
614336,1420
614336,3521
614336,1541
614337,1542
614337,2819
614337,3523
614337,1418
614337,2031
614337,1897
614338,1897
614338,2034
614338,1417
614338,3521
614338,2820
614338,1541
614339,1398
614339,3522
614339,1418
614339,2033
614339,1570
614339,1628
614340,1629
614340,2034
614340,1417
614340,3521
614340,1397
614341,1746
614341,1655
614341,1420
614341,1581
614341,1573
614342,1573
614342,1501
614342,1580
614342,1419
614342,1654
614342,1747
614343,1581
614343,1502
614344,1501
614344,1580
614344,1544
614345,1501
614345,1580
614346,1398
614347,1397
614349,1398
614350,1501
614350,1580
614351,1397
614352,1581
614352,1502
614354,1398
614354,3522
614354,1418
614354,2031
614354,1868
614355,1357
614360,1868
614366,1680
614371,2820
614371,1497
614372,1680
614372,1614
614372,2817
614372,1496
614372,1604
614372,1484
614373,1603
614373,1497
614373,2818
614373,1459
614373,1868
614375,1680
614376,1869
614384,1582
614384,1614
614384,2817
614384,1531
614384,1408
614390,1531
614392,1587
614397,1586
614399,1586
614400,1582
614400,2817
614404,1583
614405,1528
614405,1748
614405,1655
614405,1547
614405,3524
614405,2820
614405,1541
614405,1579
614405,1585
614409,1528
614409,1748
614409,1655
614409,1547
614409,3524
614409,2820
614409,1541
614409,1579
614409,1585
614424,1398
614424,1541
614424,1615
614424,1583
614431,1614
614431,1543
614431,1397
614435,1587
614437,1531
614438,1531
614440,1532
614440,2818
614440,1583
614441,1532
614441,2818
614441,1583
614442,1586
614448,1548
614448,1420
614448,1502
614448,1572
614451,1573
614451,1501
614451,1580
614451,1419
614451,1547
614453,1573
614453,1501
614453,1580
614453,1419
614453,1547
614457,1502
614457,1572
614458,1548
614458,1420
614458,1581
614458,1502
614458,1572
614459,1548
614459,1420
614459,1581
614459,1502
614459,1573
614464,1419
614464,1547
614468,1548
614468,1420
614469,1542
614481,1751
614482,1748
614482,1655
614482,1420
614482,1543
614482,1410
614491,1603
614491,1497
614491,2818
614491,3523
614491,1419
614491,1471
614491,1749
614492,3522
614492,1419
614492,1471
614492,1749
614493,1584
614493,1472
614493,1749
614496,1746
614499,1807
614499,1750
614500,1751
614500,1868
614502,1751
614503,1868
614504,1680
614504,1750
614505,1750
614506,1750
614507,1680
614508,1746
614508,1420
614508,1581
614508,1502
614508,1572
614511,1581
614511,1502
614511,1572
614513,1472
614513,1749
614516,1746
614518,1573
614518,1501
614518,1580
614519,1581
614519,1502
614519,1572
614521,1897
614521,1651
614521,2817
614527,1897
614528,1495
614535,1580
614536,1580
614536,1418
614536,2031
614536,1495
614538,1897
614538,2034
614538,1417
614538,1581
614542,1581
614547,1897
614548,1897
614549,1897
614556,1495
614560,1897
614566,1441
614566,1418
614566,2033
614566,1628
614569,1496
614569,1604
614570,2033
614570,1628
614575,1603
614575,1497
614581,1573
614581,1501
614581,1580
614583,2820
614583,1581
614583,1502
614583,1572
614585,1407
614586,1581
614586,1502
614586,1572
614588,1578
614588,2817
614588,1531
614589,1407
614589,2818
614589,1617
614589,1581
614589,1502
614589,1572
614591,1531
614596,1542
614597,1548
614597,1420
614597,3521
614600,1541
614605,3522
614605,1419
614605,1547
614613,1531
614613,1408
614614,3523
614614,1418
614614,2031
614614,1897
614615,1409
614615,1542
614615,3523
614615,1418
614615,2031
614615,1897
614617,1897
614618,1897
614618,2034
614618,1417
614618,3521
614619,1407
614624,2033
614624,1570
614624,1628
614627,1629
614627,2034
614627,1417
614627,3521
614627,1397
614628,1629
614630,1398
614630,3522
614630,1418
614630,2033
614630,1570
614630,1628
614640,1746
614640,1655
614640,1420
614642,1573
614642,1501
614644,1581
614644,1502
614644,1573
616003,449
616003,472
616003,3269
616003,3276
616003,3316
616004,3308
616004,26
616005,27
616005,3287
616005,3300
616006,3305
616006,3269
616006,471
616006,3514
616007,515
616007,518
616007,27
616007,3287
616007,3313
616008,3280
616008,3308
616008,26
616009,449
616009,472
616009,3269
616009,3304
616009,3276
616010,3305
616010,3274
616010,3269
616010,471
616010,3514
616011,449
616011,472
616011,3269
616011,3276
616011,3341
616011,3316
616012,449
616012,472
616012,3302
616012,3332
616013,3308
616013,3271
616013,26
616015,515
616015,518
616015,27
616015,3287
616015,3313
616015,3300
616016,515
616016,518
616016,27
616016,3271
616016,3287
616016,3313
616017,3300
616017,3280
616017,3308
616018,515
616018,518
616018,27
616018,3287
616018,3313
616018,3300
616019,3322
616019,3280
616019,3308
616019,26
616020,3322
616020,3367
616020,3300
616020,3280
616020,3308
616020,26
616021,515
616021,518
616021,27
616021,3287
616021,3313
616022,515
616022,518
616022,27
616022,3287
616022,3313
616023,3300
616023,3280
616023,3308
616023,26
616024,3341
616024,3300
616024,3280
616024,3308
616024,26
616027,449
616027,472
616027,3269
616027,3304
616027,3276
616029,471
616029,3514
616030,449
616030,472
616030,3349
616031,3270
616031,3305
616031,3274
616031,3269
616031,471
616031,3514
616032,449
616032,472
616032,3269
616032,3276
616032,3316
616033,3308
616033,26
616034,27
616034,3287
616034,3300
616035,3305
616035,3269
616035,471
616035,3514
616036,515
616036,518
616036,27
616036,3287
616036,3313
616037,3280
616037,3308
616037,26
616038,449
616038,472
616038,3269
616038,3304
616038,3276
616039,3305
616039,3274
616039,3269
616039,471
616039,3514
616041,449
616041,472
616041,3302
616041,3332
616043,449
616043,472
616043,3349
616043,3276
616043,3316
616054,449
616054,472
616054,3349
616054,3304
616054,3276
616057,449
616057,472
616058,471
616058,3514
616059,449
616059,472
616059,3349
616061,3276
616062,3305
616063,3276
616064,3332
616066,3276
616068,3300
616069,3331
616076,896
616076,1215
616076,481
616078,18
616078,896
616078,1215
616078,481
616079,480
616079,2035
616079,350
616080,343
616080,349
616080,1215
616080,481
616081,3134
616081,3132
616081,458
616081,3514
616081,317
616081,281
616081,3490
616082,3489
616082,2863
616082,316
616082,447
616082,1249
616082,3134
616083,553
616083,1742
616083,3517
616083,480
616084,481
616084,3526
616084,1743
616084,554
616085,3412
616085,3547
616085,256
616085,1151
616085,305
616085,324
616086,323
616086,304
616086,2855
616086,255
616086,1759
616086,3416
616087,1218
616087,1219
616087,472
616088,475
616088,471
616088,463
616088,458
616089,2863
616089,316
616089,1249
616089,3134
616090,3134
616090,3132
616090,458
616090,3514
616090,317
616090,281
616090,1906
616091,518
616091,436
616091,3134
616092,469
616092,2905
616092,435
616092,1011
616093,526
616093,538
616094,539
616094,527
616095,2274
616095,3415
616095,2828
616095,1819
616095,2028
616095,884
616095,212
616096,1142
616096,228
616096,1176
616096,1248
616096,711
616096,2305
616097,636
616097,818
616097,242
616097,255
616097,3235
616098,256
616098,240
616098,1782
616098,639
616099,481
616099,3526
616099,1743
616099,554
616100,553
616100,1742
616100,3517
616100,480
616101,666
616101,212
616101,255
616101,271
616101,281
616102,2861
616102,1149
616102,256
616102,1142
616102,824
616103,1215
616103,481
616103,3104
616103,243
616103,255
616103,2972
616103,2976
616104,2977
616104,2973
616104,256
616104,244
616104,3103
616104,480
616104,2035
616105,16
616105,256
616105,1151
616105,494
616105,508
616105,3102
616105,509
616105,546
616105,613
616105,619
616105,637
616106,673
616106,639
616106,620
616106,1819
616106,1330
616106,508
616106,3102
616106,509
616106,1154
616106,255
616106,15
616107,1230
616107,3415
616107,2828
616107,1819
616107,1330
616107,3107
616107,2816
616107,1154
616107,281
616108,1151
616108,494
616108,2815
616108,3102
616108,509
616108,841
616108,1248
616108,711
616109,216
616109,226
616109,240
616109,305
616109,781
616110,782
616110,304
616110,242
616110,884
616110,217
616111,378
616111,323
616111,480
616111,1219
616111,3134
616112,3134
616112,463
616112,481
616112,324
616112,2341
616113,3412
616113,1306
616113,2863
616113,781
616113,2527
616114,2528
616114,782
616114,2855
616114,1174
616114,3416
616114,116
616115,378
616115,2816
616115,546
616115,1741
616115,711
616115,2305
616116,2274
616116,3415
616116,2828
616116,1740
616116,2815
616116,324
616116,2342
616117,38
616117,255
616118,256
616118,244
616119,255
616119,271
616119,281
616119,378
616120,2342
616120,2861
616120,1149
616120,256
616121,637
616121,656
616121,3517
616121,480
616122,481
616122,3526
616122,1175
616122,638
616123,255
616123,261
616123,179
616123,165
616124,164
616124,2977
616124,180
616124,256
616125,1160
616125,651
616125,656
616125,508
616125,3106
616125,509
616125,782
616126,323
616126,508
616126,3106
616126,509
616126,2816
616126,1175
616126,650
616126,665
616127,324
616127,3138
616127,3402
616127,3406
616127,3405
616127,3404
616127,3403
616128,3405
616128,3404
616128,3402
616128,3403
616128,864
616128,323
616129,3421
616129,2275
616130,2276
616130,3415
616130,2771
616131,2506
616131,3422
616131,2013
616131,761
616132,760
616132,1230
616132,2711
616132,3419
616132,735
616132,2935
616132,2646
616133,38
616133,255
616134,256
616134,244
616135,2863
616135,316
616135,2816
616135,1178
616135,613
616135,619
616136,635
616136,1819
616136,617
616136,2815
616136,317
616136,281
616137,636
616137,818
616137,241
616137,494
616137,781
616138,782
616138,952
616138,1782
616138,638
616139,635
616139,637
616139,666
616139,212
616139,255
616139,271
616139,2863
616140,284
616140,2861
616140,1149
616140,256
616140,1142
616140,824
616140,639
616140,620
616141,619
616141,637
616141,668
616141,2172
616142,2173
616142,667
616142,3413
616142,639
616142,620
616143,647
616143,639
616143,620
616143,1248
616143,711
616143,2305
616144,51
616144,2274
616144,3415
616144,2828
616144,613
616144,619
616144,638
616144,700
616145,637
616145,656
616145,242
616145,255
616146,256
616146,240
616146,1175
616146,1318
616146,636
616147,26
616147,445
616147,2119
616147,319
616147,2855
616147,255
616148,256
616148,1151
616148,318
616148,447
616148,27
616149,38
616149,255
616150,256
616150,244
616151,242
616151,884
616151,217
616151,212
616151,3547
616151,2884
616152,251
616152,1759
616152,1142
616152,216
616152,226
616152,240
616153,636
616153,818
616153,508
616153,3106
616153,509
616153,396
616154,864
616154,323
616154,508
616154,3106
616154,509
616154,2816
616154,1782
616154,638
616155,546
616155,1178
616155,1248
616155,711
616156,3415
616156,2828
616156,1819
616156,617
616156,1330
616157,242
616157,884
616157,217
616157,115
616157,91
616158,94
616158,1125
616158,216
616158,226
616159,788
616159,216
616159,226
616159,240
616159,1330
616159,508
616159,3107
616159,447
616159,1249
616159,3134
616160,469
616160,3132
616160,2119
616160,3104
616160,547
616160,242
616160,884
616160,217
616160,2479
616161,1901
616161,604
616161,711
616162,3415
616162,2828
616162,603
616162,1900
616163,55
616163,2274
616163,2304
616163,3415
616163,2828
616163,3239
616163,1740
616163,1330
616163,2954
616163,508
616163,3102
616163,2861
616163,1149
616163,251
616164,2884
616164,271
616164,2863
616164,508
616164,3102
616164,509
616164,2953
616164,546
616164,1741
616164,3240
616164,711
616164,2273
616164,2305
616165,1901
616165,604
616165,711
616165,2305
616166,2274
616166,3415
616166,2828
616166,603
616166,1900
616167,1138
616167,3412
616167,211
616167,240
616167,508
616167,3104
616167,509
616167,546
616167,27
616168,26
616168,1330
616168,508
616168,3104
616168,509
616168,242
616168,212
616168,3416
616169,803
616169,553
616169,1740
616169,1330
616169,508
616169,3103
616169,480
616170,2528
616170,481
616170,3103
616170,509
616170,546
616170,1743
616170,554
616171,3561
616171,553
616171,1740
616171,1330
616171,508
616171,3105
616171,509
616171,242
616171,212
616171,129
616171,1251
616172,3008
616172,891
616172,1138
616172,211
616172,240
616172,508
616172,3105
616172,509
616172,546
616172,1743
616172,554
616173,3105
616173,509
616173,841
616173,804
616173,576
616173,567
616174,575
616174,977
616174,1330
616174,3105
616175,576
616175,567
616176,582
616176,568
616176,575
616176,1740
616177,243
616177,255
616177,261
616177,179
616177,3222
616178,3221
616178,180
616178,262
616178,256
616178,244
616179,977
616179,1312
616180,241
616180,494
616181,255
616181,261
616181,179
616181,165
616182,164
616182,2977
616182,180
616182,262
616182,256
616183,884
616183,217
616183,2479
616183,115
616184,114
616184,788
616184,216
616184,226
616185,636
616185,818
616185,508
616185,3106
616185,509
616185,1000
616185,2342
616186,864
616186,323
616186,508
616186,3106
616186,509
616186,2816
616186,1782
616186,638
616187,2028
616187,884
616187,215
616188,214
616188,228
616188,1176
616189,1901
616189,613
616189,620
616190,635
616190,1892
616190,603
616190,1900
616191,242
616191,212
616191,115
616191,1025
616192,1125
616192,114
616192,211
616193,115
616193,1139
616193,981
616193,799
616193,1025
616194,91
616194,798
616194,994
616195,665
616196,1160
616197,1160
616197,3413
616197,639
616197,620
616197,1892
616197,568
616198,567
616198,1189
616198,613
616198,619
616198,637
616198,644
616198,1329
616198,665
616199,1901
616199,604
616199,711
616200,3415
616200,2828
616200,603
616200,1900
616201,667
616201,3413
616201,639
616201,620
616202,619
616202,637
616202,668
616202,1074
616203,1239
616203,281
616203,403
616204,3405
616204,3404
616204,3402
616204,2855
616205,952
616206,1313
616206,1742
616207,637
616207,666
616207,212
616207,195
616207,179
616208,180
616208,1759
616208,1142
616208,824
616208,638
616209,480
616209,347
616209,2666
616209,897
616210,480
616210,347
616210,2666
616210,897
616211,480
616211,347
616211,2666
616211,897
616211,864
616212,480
616212,347
616212,2666
616212,897
616212,18
616212,864
616213,480
616213,347
616213,2666
616213,897
616213,18
616213,2010
616214,480
616214,347
616214,2666
616214,897
616214,18
616215,480
616215,2035
616215,350
616216,480
616216,2035
616216,350
616217,480
616217,2035
616217,350
616218,480
616218,2035
616218,350
616220,3134
616220,3132
616220,458
616220,3514
616220,317
616220,281
616222,447
616222,1249
616222,3134
616223,469
616223,3132
616223,458
616223,3514
616223,317
616223,281
616223,3490
616225,481
616225,3526
616227,323
616227,304
616227,2855
616227,255
616228,323
616228,304
616228,2855
616228,255
616228,1759
616228,3416
616230,1151
616230,305
616230,324
616231,3412
616231,3547
616231,256
616231,1151
616231,305
616231,324
616234,1151
616234,305
616234,324
616236,323
616236,304
616236,2855
616237,323
616237,304
616239,1218
616239,1219
616239,472
616239,3294
616240,3295
616240,475
616240,471
616240,463
616240,458
616241,475
616241,471
616241,463
616244,3134
616244,3132
616244,458
616244,3514
616244,317
616244,281
616244,1906
616244,3490
616245,316
616245,1249
616245,3134
616246,469
616246,2905
616246,435
616246,1011
616246,543
616246,1175
616248,526
616248,529
616248,538
616249,526
616249,538
616249,3272
616250,526
616250,529
616250,538
616250,3272
616251,526
616251,538
616252,539
616252,527
616253,3272
616253,539
616253,527
616254,539
616254,528
616254,527
616256,2028
616256,884
616256,212
616257,1142
616257,228
616257,1176
616258,2274
616258,3415
616258,2828
616258,613
616259,1142
616259,228
616259,1176
616259,613
616260,1142
616260,228
616261,1142
616262,2836
616263,1248
616263,711
616263,2305
616264,884
616264,212
616266,636
616266,818
616266,242
616266,255
616268,3517
616268,480
616269,480
616270,481
616270,3526
616271,666
616271,212
616271,255
616271,271
616271,281
616273,2861
616273,1149
616273,256
616273,1142
616273,824
616277,1963
616277,3182
616278,2861
616278,1149
616278,256
616278,1142
616278,824
616278,879
616283,637
616289,2977
616289,2973
616289,256
616289,244
616289,3103
616289,480
616289,2035
616291,2977
616291,2973
616291,256
616291,244
616293,480
616293,2035
616296,256
616296,244
616298,256
616298,244
616299,243
616299,255
616300,1215
616300,481
616301,1215
616301,481
616302,782
616302,315
616302,952
616302,1782
616306,509
616306,1154
616306,255
616306,15
616307,16
616307,256
616307,1151
616307,494
616307,508
616307,3102
616308,16
616308,256
616308,1151
616308,494
616308,508
616309,635
616309,1819
616309,1330
616309,508
616309,3102
616309,509
616309,1154
616309,255
616309,15
616310,16
616310,256
616310,1151
616310,494
616310,508
616310,3102
616310,509
616310,546
616310,613
616310,619
616312,509
616312,546
616312,613
616312,619
616312,637
616312,1074
616314,509
616314,546
616314,613
616314,619
616314,637
616315,546
616315,613
616315,619
616315,637
616316,546
616316,613
616316,619
616316,637
616317,546
616317,613
616317,619
616317,637
616319,1074
616319,673
616319,638
616321,1230
616321,3415
616321,2828
616321,1819
616321,1330
616321,3107
616321,2816
616321,1154
616321,281
616326,1230
616326,3415
616326,2828
616326,1819
616326,1330
616326,508
616327,2855
616327,205
616329,1230
616329,3415
616329,2828
616329,613
616329,637
616330,1248
616330,711
616331,509
616331,841
616331,1248
616331,711
616336,216
616336,226
616336,240
616336,305
616336,781
616338,782
616338,304
616338,242
616338,884
616338,217
616340,480
616340,1219
616340,3134
616343,1219
616343,3134
616344,1219
616344,3134
616345,1219
616345,3134
616348,3134
616348,463
616348,481
616348,324
616348,2341
616350,378
616350,323
616350,480
616350,1219
616350,3134
616353,3134
616354,481
616354,324
616354,2341
616355,3134
616356,3134
616356,463
616359,378
616361,2341
616363,3412
616363,1306
616363,2863
616363,781
616363,2527
616364,3131
616365,1306
616365,2863
616365,781
616365,2527
616366,1306
616366,2863
616366,781
616366,2527
616367,781
616367,2527
616370,2528
616370,782
616370,2855
616371,2528
616371,782
616371,2855
616371,1174
616373,2528
616373,782
616377,2274
616377,3415
616377,2828
616377,1740
616377,2815
616377,324
616377,2342
616378,2274
616378,3415
616378,2828
616378,1740
616378,2815
616379,2274
616379,3415
616379,2828
616379,1740
616379,2815
616381,378
616381,2816
616381,546
616381,1741
616381,711
616381,2305
616382,2815
616382,324
616382,2342
616383,1740
616383,2815
616383,324
616383,2342
616385,2274
616385,3415
616385,2828
616388,378
616388,2816
616389,711
616389,2305
616390,509
616390,38
616390,255
616391,256
616395,255
616395,271
616395,281
616395,378
616395,1153
616396,1153
616396,2342
616396,2861
616396,1149
616396,256
616398,2342
616398,2861
616398,1149
616398,256
616399,2342
616399,2861
616399,1149
616399,256
616400,2342
616402,378
616404,1153
616404,2342
616404,2861
616404,1149
616404,256
616405,255
616405,271
616405,281
616405,378
616406,255
616406,271
616406,281
616411,2342
616412,255
616412,2973
616413,255
616413,271
616413,281
616413,378
616413,1153
616414,255
616414,271
616414,281
616416,481
616416,3526
616416,1175
616416,638
616417,481
616417,3526
616417,1175
616417,638
616418,637
616420,638
616421,656
616421,3517
616421,480
616422,481
616422,3526
616422,1175
616423,2475
616423,164
616423,2977
616423,2869
616423,256
616425,255
616425,261
616425,179
616425,165
616426,164
616426,2977
616426,180
616427,164
616427,2977
616427,180
616427,256
616428,656
616428,241
616430,1160
616430,651
616430,656
616430,508
616430,3106
616430,509
616430,782
616431,1160
616431,651
616431,656
616431,508
616431,3106
616431,509
616431,782
616432,1160
616432,651
616432,656
616432,508
616433,323
616433,508
616433,3106
616433,509
616433,2816
616433,1175
616433,650
616433,665
616436,1160
616436,651
616437,323
616437,508
616438,324
616438,3138
616438,3402
616438,3406
616439,324
616439,3138
616439,3402
616439,3406
616441,3405
616441,3404
616441,3402
616441,3403
616441,864
616441,2855
616442,3405
616442,3404
616442,3402
616442,3403
616442,864
616442,323
616443,3405
616443,3404
616443,3402
616443,3403
616443,864
616443,323
616444,3405
616444,3404
616444,3402
616444,3403
616444,864
616444,323
616446,2275
616447,2276
616447,3415
616453,2506
616453,3422
616453,2013
616455,256
616455,244
616457,255
616458,256
616458,240
616462,2863
616462,316
616462,2816
616462,1178
616462,613
616463,1819
616463,617
616463,2815
616463,317
616463,281
616464,620
616464,1819
616464,617
616464,2815
616464,317
616464,281
616465,620
616466,2863
616466,316
616466,2816
616466,1178
616466,613
616466,619
616467,635
616468,2863
616468,316
616468,2816
616468,1178
616468,613
616468,619
616471,638
616472,638
616473,636
616473,818
616473,241
616473,494
616473,781
616474,782
616474,952
616474,1782
616474,638
616474,879
616475,637
616477,635
616477,637
616477,666
616477,212
616477,255
616477,271
616477,1906
616477,2863
616478,256
616478,1142
616478,824
616478,639
616479,284
616479,2861
616479,1906
616479,1149
616479,256
616479,1142
616479,824
616479,639
616479,620
616480,284
616480,2861
616480,1149
616480,256
616480,205
616480,1142
616480,824
616481,284
616481,2861
616481,1906
616481,1149
616481,256
616481,1142
616481,824
616482,666
616482,212
616482,255
616482,271
616482,2863
616484,639
616484,620
616485,635
616485,637
616486,637
616487,2173
616487,667
616487,3413
616487,639
616487,620
616488,619
616488,637
616488,668
616488,2172
616488,1074
616489,619
616489,637
616490,2173
616492,667
616492,3413
616492,639
616492,620
616494,2172
616496,706
616496,647
616496,639
616496,620
616496,1248
616496,711
616496,2305
616497,51
616497,2274
616497,3415
616497,2828
616497,613
616497,619
616497,638
616497,700
616497,705
616499,51
616499,2274
616499,3415
616499,2828
616499,613
616499,619
616499,638
616500,706
616500,647
616500,637
616501,647
616501,637
616502,639
616502,620
616502,1248
616502,711
616502,2305
616503,2305
616504,638
616504,700
616505,638
616505,700
616505,705
616508,637
616509,636
616510,656
616510,242
616510,255
616511,256
616511,240
616511,1175
616511,1165
616512,445
616512,2119
616512,319
616512,2855
616512,255
616513,256
616513,1151
616513,318
616513,447
616514,1151
616514,318
616514,447
616514,27
616515,318
616515,447
616516,256
616517,26
616517,445
616517,2119
616517,319
616518,26
616518,445
616518,2119
616518,319
616519,26
616519,445
616519,2119
616519,319
616520,445
616520,2119
616520,319
616521,255
616525,256
616525,244
616526,256
616529,613
616530,255
616533,251
616533,1759
616533,1142
616533,216
616533,226
616533,240
616534,251
616534,1759
616534,1142
616534,216
616534,226
616534,240
616536,818
616536,241
616537,212
616537,3547
616537,2884
616537,2972
616538,251
616538,1759
616538,1142
616539,978
616539,952
616540,636
616540,818
616540,508
616540,3106
616540,509
616542,509
616542,2816
616542,1782
616542,638
616543,509
616543,396
616544,782
616545,864
616545,323
616545,508
616545,3106
616545,509
616545,2816
616545,1782
616545,638
616548,1819
616548,617
616548,1330
616549,1819
616549,617
616549,1330
616550,1248
616550,711
616551,3415
616551,2828
616551,613
616552,546
616552,1178
616552,613
616553,94
616553,1125
616553,216
616553,226
616553,240
616554,94
616554,1125
616554,216
616554,226
616555,94
616555,1125
616555,216
616555,226
616556,3136
616556,94
616556,1125
616556,216
616556,226
616557,3136
616557,94
616557,1125
616557,216
616557,226
616558,242
616558,884
616558,217
616558,115
616558,91
616558,3136
616559,242
616559,884
616559,217
616559,115
616559,91
616560,242
616560,884
616560,217
616560,115
616560,91
616560,3136
616561,115
616561,91
616562,115
616562,91
616562,3136
616563,94
616563,1125
616564,788
616564,216
616564,226
616564,240
616564,1330
616564,3107
616564,447
616564,1249
616564,3134
616565,508
616565,3107
616565,447
616565,1249
616565,3134
616566,788
616566,216
616566,226
616566,240
616566,1330
616566,3107
616567,788
616567,2554
616568,788
616568,216
616568,226
616568,240
616568,1330
616569,788
616569,216
616569,226
616569,240
616569,1330
616572,216
616572,226
616572,240
616572,1330
616574,469
616574,3132
616574,2119
616574,3104
616574,547
616574,242
616574,884
616574,217
616575,2119
616575,3104
616575,547
616575,242
616575,884
616575,217
616575,2479
616576,3134
616576,3132
616576,2119
616576,509
616576,547
616576,1175
616578,3134
616578,3132
616578,2119
616578,3104
616578,547
616578,242
616578,884
616578,217
616578,2479
616579,2119
616579,3104
616579,547
616579,242
616579,884
616579,217
616579,788
616581,547
616581,242
616581,884
616581,217
616581,788
616582,788
616582,2554
616585,1901
616585,604
616585,711
616586,1901
616586,604
616586,711
616588,3415
616588,2828
616588,603
616588,1900
616589,1248
616589,711
616590,711
616591,711
616592,3415
616592,2828
616592,613
616594,1901
616594,602
616595,603
616595,1900
616599,2273
616599,2305
616600,1149
616600,251
616601,55
616601,2796
616601,2274
616601,2304
616601,3415
616601,2828
616601,3239
616601,1740
616601,1330
616601,2954
616601,508
616601,3102
616601,2861
616601,1149
616601,251
616602,55
616602,2274
616602,2304
616602,3415
616602,2828
616603,2274
616603,2304
616603,3415
616603,2828
616603,637
616605,2884
616605,271
616605,2863
616605,3102
616605,509
616605,2953
616605,546
616605,1741
616605,711
616605,2273
616605,2305
616605,2796
616606,2861
616606,1906
616606,1149
616606,251
616608,2855
616609,786
616609,116
616610,786
616610,116
616610,788
616611,786
616611,1142
616612,1901
616612,604
616612,711
616612,2305
616614,711
616614,2305
616615,603
616615,1900
616616,2274
616616,3415
616616,2828
616617,891
616617,1138
616617,3412
616617,211
616617,240
616617,508
616617,3104
616617,509
616617,546
616617,27
616618,891
616618,1138
616618,3412
616618,211
616618,240
616618,508
616619,509
616619,546
616619,27
616620,1138
616620,3412
616620,211
616620,240
616622,26
616622,1330
616622,508
616622,3104
616622,509
616622,242
616622,212
616622,3416
616622,1251
616623,509
616623,242
616623,212
616623,3416
616623,1251
616624,26
616624,1330
616624,508
616625,26
616625,1330
616625,3517
616625,545
616625,543
616625,1175
616626,553
616626,1740
616626,1330
616626,508
616626,3103
616626,480
616629,803
616629,553
616629,1740
616629,1330
616629,508
616630,509
616632,2528
616632,481
616632,3103
616632,509
616632,546
616632,1743
616632,554
616633,2528
616633,481
616633,509
616633,547
616636,3561
616636,553
616636,1740
616636,1330
616636,508
616639,509
616640,3008
616640,891
616640,1138
616640,211
616640,240
616640,508
616641,3561
616641,553
616641,804
616641,637
616646,3105
616646,509
616646,547
616648,582
616648,568
616648,575
616648,1740
616648,874
616648,613
616649,576
616649,567
616650,576
616650,595
616650,567
616651,582
616651,568
616652,576
616652,1034
616652,1701
616652,567
616653,576
616653,1034
616653,1701
616653,567
616654,576
616654,595
616654,567
616655,582
616655,568
616655,596
616655,575
616655,1740
616656,582
616656,568
616656,1034
616656,1701
616656,575
616656,1740
616657,1819
616657,1743
616660,3574
616661,255
616661,261
616661,179
616661,3222
616663,3221
616663,180
616663,262
616663,256
616664,3221
616664,180
616664,262
616664,256
616664,244
616664,901
616665,977
616665,1312
616668,1312
616671,255
616671,261
616671,179
616671,165
616672,255
616672,261
616672,2492
616672,165
616674,164
616674,2977
616674,2869
616674,262
616674,256
616675,164
616675,2977
616675,180
616675,262
616675,256
616677,242
616677,884
616677,217
616677,2479
616677,115
616678,114
616678,788
616678,216
616678,226
616679,114
616679,788
616679,216
616679,226
616679,952
616679,1782
616680,114
616681,818
616681,242
616681,884
616681,217
616681,2479
616681,115
616683,2479
616683,115
616684,115
616686,271
616686,281
616687,864
616687,323
616687,508
616687,3106
616688,864
616688,323
616688,508
616688,3106
616688,509
616688,2816
616688,1782
616688,638
616690,214
616690,228
616690,1176
616691,214
616691,228
616691,1176
616694,1901
616694,613
616696,1901
616696,613
616696,620
616697,635
616697,1892
616697,603
616697,1900
616698,635
616698,1892
616698,603
616698,1900
616699,635
616699,1892
616699,603
616699,1900
616700,635
616700,1892
616700,603
616700,1900
616701,635
616701,1892
616701,603
616701,1900
616702,635
616702,1892
616702,603
616702,1900
616703,1892
616703,603
616703,1900
616704,1892
616704,603
616704,1900
616705,620
616706,620
616706,3144
616707,635
616708,635
616709,1125
616709,114
616709,211
616709,240
616710,1125
616710,114
616711,242
616711,212
616711,115
616711,1025
616712,115
616712,1025
616713,115
616713,1139
616713,981
616716,115
616716,1139
616716,981
616716,799
616716,1025
616718,91
616718,798
616718,994
616719,994
616720,115
616720,1139
616720,981
616720,799
616720,1025
616721,1160
616723,665
616725,1160
616725,3413
616725,639
616725,620
616725,1892
616725,567
616726,568
616726,1189
616726,613
616726,619
616726,637
616726,644
616726,1329
616726,665
616727,1160
616727,3413
616727,639
616727,620
616727,1892
616727,568
616727,1034
616727,1701
616728,1160
616728,3413
616728,639
616728,620
616728,1892
616728,1034
616728,1701
616728,567
616729,1160
616729,3413
616729,639
616729,620
616729,1892
616729,2117
616729,568
616730,1160
616730,3413
616730,639
616730,620
616730,1892
616730,2117
616730,568
616731,1160
616731,3413
616731,639
616731,620
616731,1892
616731,2117
616731,567
616732,1701
616732,1034
616732,567
616732,1189
616732,613
616732,619
616732,637
616732,644
616732,1329
616732,665
616733,568
616733,2117
616733,613
616733,619
616733,637
616733,644
616733,1329
616733,665
616734,568
616734,1034
616734,1701
616734,2117
616734,613
616734,619
616734,637
616734,644
616734,1329
616734,665
616735,567
616735,2117
616735,613
616735,619
616735,637
616735,644
616735,1329
616735,665
616736,568
616737,567
616737,2117
616738,568
616738,613
616738,619
616738,637
616738,644
616739,567
616739,613
616739,619
616739,637
616739,644
616740,1160
616741,3413
616741,639
616741,620
616741,1892
616741,567
616742,1329
616742,665
616744,3415
616744,2828
616746,711
616747,603
616747,1900
616749,667
616749,3413
616749,639
616749,620
616750,619
616750,637
616750,668
616751,3413
616751,637
616751,668
616753,667
616753,3413
616753,639
616753,620
616754,667
616754,3413
616754,638
616755,281
616755,403
616755,3406
616758,3405
616758,3404
616758,3402
616758,2855
616759,3405
616759,3404
616759,3402
616759,2855
616762,638
616764,637
616764,666
616764,212
616764,195
616764,179
616766,637
616767,480
616767,347
616767,2666
616767,897
616768,896
616768,1215
616768,481
616769,480
616769,347
616769,2666
616769,897
616769,18
616770,18
616770,896
616770,1215
616770,481
616771,480
616771,2035
616771,350
616772,343
616772,349
616772,1215
616772,481
616773,3134
616773,3132
616773,458
616773,3514
616773,317
616773,281
616773,3490
616774,3489
616774,2863
616774,316
616774,447
616774,1249
616774,3134
616775,553
616775,1742
616775,3517
616775,480
616776,481
616776,3526
616776,1743
616776,554
616777,3412
616777,3547
616777,256
616777,1151
616777,305
616777,324
616778,323
616778,304
616778,2855
616778,255
616778,1759
616778,3416
616779,1218
616779,1219
616779,472
616780,475
616780,471
616780,463
616780,458
616781,2863
616781,316
616781,1249
616781,3134
616782,3134
616782,3132
616782,458
616782,3514
616782,317
616782,281
616782,1906
616783,518
616783,436
616783,3134
616784,469
616784,2905
616784,435
616784,1011
616785,526
616785,538
616786,539
616786,527
616787,2274
616787,3415
616787,2828
616787,1819
616787,2028
616787,884
616787,212
616788,1142
616788,228
616788,1176
616788,1248
616788,711
616788,2305
616789,636
616789,818
616789,242
616789,255
616789,3235
616790,256
616790,240
616790,1782
616790,639
616791,481
616791,3526
616791,1743
616791,554
616792,553
616792,1742
616792,3517
616792,480
616795,1215
616795,481
616795,3104
616795,243
616795,255
616795,2972
616795,2976
616796,2977
616796,2973
616796,256
616796,244
616796,3103
616796,480
616796,2035
616797,16
616797,256
616797,1151
616797,494
616797,508
616797,3102
616797,509
616797,546
616797,613
616797,619
616797,637
616798,673
616798,639
616798,620
616798,1819
616798,1330
616798,508
616798,3102
616798,509
616798,1154
616798,255
616798,15
616799,1230
616799,3415
616799,2828
616799,1819
616799,1330
616799,3107
616799,2816
616799,1154
616799,281
616800,1151
616800,494
616800,2815
616800,3102
616800,509
616800,841
616800,1248
616800,711
616801,216
616801,226
616801,240
616801,305
616801,781
616802,782
616802,304
616802,242
616802,884
616802,217
616803,378
616803,323
616803,480
616803,1219
616803,3134
616804,3134
616804,463
616804,481
616804,324
616804,2341
616805,3412
616805,1306
616805,2863
616805,781
616805,2527
616806,2528
616806,782
616806,2855
616806,1174
616806,3416
616806,116
616807,378
616807,2816
616807,546
616807,1741
616807,711
616807,2305
616808,2274
616808,3415
616808,2828
616808,1740
616808,2815
616808,324
616808,2342
616809,38
616809,255
616810,256
616810,244
616811,255
616811,271
616811,281
616811,378
616812,2342
616812,2861
616812,1149
616812,256
616813,637
616813,656
616813,3517
616813,480
616814,481
616814,3526
616814,1175
616814,638
616815,255
616815,261
616815,179
616815,165
616816,164
616816,2977
616816,180
616816,256
616817,1160
616817,651
616817,656
616817,508
616817,3106
616817,509
616817,782
616818,323
616818,508
616818,3106
616818,509
616818,2816
616818,1175
616818,650
616818,665
616819,324
616819,3138
616819,3402
616819,3406
616819,3405
616819,3404
616819,3403
616821,3421
616821,2275
616822,2276
616822,3415
616822,2771
616823,38
616823,255
616824,256
616824,244
616825,2863
616825,316
616825,2816
616825,1178
616825,613
616825,619
616826,635
616826,1819
616826,617
616826,2815
616826,317
616826,281
616827,636
616827,818
616827,241
616827,494
616827,781
616828,782
616828,952
616828,1782
616828,638
616829,635
616829,637
616829,666
616829,212
616829,255
616829,271
616829,2863
616830,284
616830,2861
616830,1149
616830,256
616830,1142
616830,824
616830,639
616830,620
616831,619
616831,637
616831,668
616831,2172
616832,2173
616832,667
616832,3413
616832,639
616832,620
616833,647
616833,639
616833,620
616833,1248
616833,711
616833,2305
616834,51
616834,2274
616834,3415
616834,2828
616834,613
616834,619
616834,638
616834,700
616835,637
616835,656
616835,242
616835,255
616836,256
616836,240
616836,1175
616836,1318
616836,636
616837,26
616837,445
616837,2119
616837,319
616837,2855
616837,255
616838,256
616838,1151
616838,318
616838,447
616838,27
616839,38
616839,255
616840,256
616840,244
616841,242
616841,884
616841,217
616841,212
616841,3547
616841,2884
616842,251
616842,1759
616842,1142
616842,216
616842,226
616842,240
616843,636
616843,818
616843,508
616843,3106
616843,509
616843,396
616844,864
616844,323
616844,508
616844,3106
616844,509
616844,2816
616844,1782
616844,638
616845,546
616845,1178
616845,1248
616845,711
616846,3415
616846,2828
616846,1819
616846,617
616846,1330
616847,242
616847,884
616847,217
616847,115
616847,91
616848,94
616848,1125
616848,216
616848,226
616849,788
616849,216
616849,226
616849,240
616849,1330
616849,508
616849,3107
616849,447
616849,1249
616849,3134
616850,469
616850,3132
616850,2119
616850,3104
616850,547
616850,242
616850,884
616850,217
616850,2479
616851,1901
616851,604
616851,711
616852,3415
616852,2828
616852,603
616852,1900
616853,55
616853,2274
616853,2304
616853,3415
616853,2828
616853,3239
616853,1740
616853,1330
616853,2954
616853,508
616853,3102
616853,2861
616853,1149
616853,251
616854,2884
616854,271
616854,2863
616854,508
616854,3102
616854,509
616854,2953
616854,546
616854,1741
616854,3240
616854,711
616854,2273
616854,2305
616855,1901
616855,604
616855,711
616855,2305
616856,2274
616856,3415
616856,2828
616856,603
616856,1900
616857,1138
616857,3412
616857,211
616857,240
616857,508
616857,3104
616857,509
616857,546
616857,27
616858,26
616858,1330
616858,508
616858,3104
616858,509
616858,242
616858,212
616858,3416
616859,803
616859,553
616859,1740
616859,1330
616859,508
616859,3103
616859,480
616860,2528
616860,481
616860,3103
616860,509
616860,546
616860,1743
616860,554
616861,3561
616861,553
616861,1740
616861,1330
616861,508
616861,3105
616861,509
616861,242
616861,212
616861,129
616861,1251
616862,3008
616862,891
616862,1138
616862,211
616862,240
616862,508
616862,3105
616862,509
616862,546
616862,1743
616862,554
616863,3105
616863,509
616863,841
616863,804
616863,576
616863,567
616864,575
616864,977
616864,1330
616864,3105
616865,576
616865,567
616866,582
616866,568
616866,575
616866,1740
616867,243
616867,255
616867,261
616867,179
616867,3222
616868,3221
616868,180
616868,262
616868,256
616868,244
616869,977
616869,1312
616870,241
616870,494
616871,255
616871,261
616871,179
616871,165
616872,164
616872,2977
616872,180
616872,262
616872,256
616873,884
616873,217
616873,2479
616873,115
616874,114
616874,788
616874,216
616874,226
616875,636
616875,818
616875,508
616875,3106
616875,509
616875,1000
616875,2342
616876,864
616876,323
616876,508
616876,3106
616876,509
616876,2816
616876,1782
616876,638
616877,2028
616877,884
616877,215
616878,214
616878,228
616878,1176
616879,1901
616879,613
616879,620
616880,635
616880,1892
616880,603
616880,1900
616881,242
616881,212
616881,115
616881,1025
616882,1125
616882,114
616882,211
616883,115
616883,1139
616883,981
616883,799
616883,1025
616884,91
616884,798
616884,994
616885,665
616886,1160
616887,1160
616887,3413
616887,639
616887,620
616887,1892
616887,568
616888,567
616888,1189
616888,613
616888,619
616888,637
616888,644
616888,1329
616888,665
616889,952
616890,1313
616890,1742
616891,637
616891,666
616891,212
616891,195
616891,179
616892,180
616892,1759
616892,1142
616892,824
616892,638
616893,480
616893,347
616893,2666
616893,897
616894,480
616894,347
616894,2666
616894,897
616895,480
616895,347
616895,2666
616895,897
616895,864
616896,480
616896,347
616896,2666
616896,897
616896,18
616896,864
616897,480
616897,347
616897,2666
616897,897
616897,18
616897,2010
616898,480
616898,347
616898,2666
616898,897
616898,18
616899,480
616899,2035
616899,350
616900,480
616900,2035
616900,350
616902,480
616902,2035
616902,350
616903,343
616903,349
616903,1215
616903,481
616904,3134
616904,3132
616904,458
616904,3514
616904,317
616904,281
616906,447
616906,1249
616906,3134
616907,469
616907,3132
616907,458
616907,3514
616907,317
616907,281
616907,3490
616910,305
616910,324
616911,323
616911,304
616911,2855
616911,255
616912,323
616912,304
616912,2855
616912,255
616912,1759
616912,3416
616914,1151
616914,305
616914,324
616915,3412
616915,3547
616915,256
616915,1151
616915,305
616915,324
616918,1151
616918,305
616918,324
616919,1151
616919,305
616919,324
616920,323
616920,304
616920,2855
616921,323
616921,304
616923,1218
616923,1219
616923,472
616923,3294
616924,3295
616924,475
616924,471
616924,463
616924,458
616925,475
616925,471
616925,463
616926,469
616926,3132
616926,458
616926,3514
616926,317
616926,281
616926,1906
616927,2863
616927,316
616927,1249
616927,3134
616929,316
616929,1249
616929,3134
616935,526
616935,538
616936,539
616936,527
616938,539
616938,528
616938,527
616950,636
616950,818
616950,242
616950,255
616951,553
616951,1742
616951,3517
616951,480
616951,2527
616952,3517
616952,480
616955,666
616955,212
616955,255
616955,271
616955,281
616957,2861
616957,1149
616957,256
616957,1142
616957,824
616960,1963
616960,3182
616962,2861
616962,1149
616962,256
616962,1142
616962,824
616962,879
616963,2861
616963,1149
616969,1963
616969,3182
616970,1963
616970,3182
616971,666
616971,212
616971,255
616971,271
616971,281
616972,1215
616972,481
616973,2977
616973,2973
616973,256
616973,244
616973,3103
616973,480
616973,2035
616975,2977
616975,2973
616975,256
616975,244
616977,480
616977,2035
616980,256
616980,244
616982,256
616982,244
616983,243
616983,255
616985,1215
616985,481
616986,782
616986,315
616986,952
616986,1782
616990,509
616990,1154
616990,255
616990,15
616991,16
616991,256
616991,1151
616991,494
616991,508
616991,3102
616992,16
616992,256
616992,1151
616992,494
616992,508
616993,635
616993,1819
616993,1330
616993,508
616993,3102
616993,509
616993,1154
616993,255
616993,15
616994,16
616994,256
616994,1151
616994,494
616994,508
616994,3102
616994,509
616994,546
616994,613
616994,619
616996,509
616996,546
616996,613
616996,619
616996,637
616996,1074
616997,635
616997,637
616998,509
616998,546
616998,613
616998,619
616998,637
616999,546
616999,613
616999,619
616999,637
617000,546
617000,613
617000,619
617000,637
617001,546
617001,613
617001,619
617001,637
617003,1074
617003,673
617003,638
617005,1230
617005,3415
617005,2828
617005,1819
617005,1330
617005,3107
617005,2816
617005,1154
617005,281
617010,1230
617010,3415
617010,2828
617010,1819
617010,1330
617010,508
617011,2855
617011,205
617013,1230
617013,3415
617013,2828
617013,613
617013,637
617014,1248
617014,711
617015,509
617015,841
617015,1248
617015,711
617016,216
617016,226
617016,240
617016,305
617016,781
617017,782
617017,304
617017,242
617017,884
617017,217
617020,216
617020,226
617020,240
617020,305
617020,781
617022,782
617022,304
617022,242
617022,884
617022,217
617025,448
617025,481
617025,324
617025,2341
617026,448
617026,481
617026,324
617026,2341
617027,1219
617027,3134
617028,1219
617028,3134
617029,1219
617029,3134
617032,3134
617032,463
617032,481
617032,324
617032,2341
617034,378
617034,323
617034,480
617034,1219
617034,3134
617040,3134
617040,463
617042,2341
617043,378
617045,2341
617047,3412
617047,1306
617047,2863
617047,781
617047,2527
617048,3131
617049,1306
617049,2863
617049,781
617049,2527
617050,1306
617050,2863
617050,781
617050,2527
617052,1306
617052,2863
617052,781
617052,2527
617055,2528
617055,782
617055,2855
617055,1174
617057,2528
617057,782
617062,2274
617062,3415
617062,2828
617062,1740
617062,2815
617063,2274
617063,3415
617063,2828
617063,1740
617063,2815
617065,378
617065,2816
617065,546
617065,1741
617065,711
617065,2305
617067,1740
617067,2815
617067,324
617067,2342
617069,2274
617069,3415
617069,2828
617070,2274
617070,3415
617070,2828
617070,1894
617073,711
617073,2305
617074,509
617074,38
617074,255
617075,256
617077,2861
617077,1149
617077,251
617078,2342
617078,2861
617078,1149
617078,256
617079,255
617079,271
617079,281
617079,378
617079,1153
617080,1153
617080,2342
617080,2861
617080,1149
617080,256
617081,1153
617081,2342
617081,2861
617081,1149
617081,256
617082,2342
617082,2861
617082,1149
617082,256
617086,378
617088,1153
617088,2342
617088,2861
617088,1149
617088,256
617089,255
617089,271
617089,281
617089,378
617091,255
617091,271
617091,281
617092,255
617092,271
617092,281
617092,378
617092,1153
617095,2342
617096,255
617096,2973
617098,255
617098,271
617098,281
617100,481
617100,3526
617100,1175
617100,638
617102,637
617104,638
617105,656
617105,3517
617105,480
617106,481
617106,3526
617106,1175
617108,164
617108,2977
617108,180
617108,256
617110,164
617110,2977
617110,180
617114,1160
617114,651
617114,656
617114,508
617114,3106
617114,509
617114,782
617115,1160
617115,651
617115,656
617115,508
617115,3106
617115,509
617115,782
617116,1160
617116,651
617116,656
617116,508
617117,323
617117,508
617117,3106
617117,509
617117,2816
617117,1175
617117,650
617117,665
617120,1160
617120,651
617121,323
617121,508
617126,3405
617126,3404
617126,3402
617126,3403
617126,864
617126,323
617128,3405
617128,3404
617128,3402
617128,3403
617128,864
617128,323
617130,2275
617131,2276
617131,3415
617140,2863
617140,316
617140,2816
617140,1178
617140,613
617141,1819
617141,617
617141,2815
617141,317
617141,281
617142,620
617142,1819
617142,617
617142,2815
617142,317
617142,281
617143,620
617144,2863
617144,316
617144,2816
617144,1178
617144,613
617144,619
617145,635
617147,1178
617147,613
617147,619
617148,782
617148,952
617148,1782
617148,638
617149,638
617151,636
617151,818
617151,241
617151,494
617151,781
617152,782
617152,952
617152,1782
617152,638
617152,879
617153,637
617156,256
617156,1142
617156,824
617156,639
617158,284
617158,2861
617158,1149
617158,256
617158,205
617158,1142
617158,824
617160,666
617160,212
617160,255
617160,271
617160,2863
617162,639
617162,620
617163,635
617163,637
617164,637
617167,619
617167,637
617168,2173
617169,639
617169,620
617170,667
617170,3413
617170,639
617170,620
617172,2172
617174,706
617174,647
617174,639
617174,620
617174,1248
617174,711
617174,2305
617175,51
617175,2274
617175,3415
617175,2828
617175,613
617175,619
617175,638
617175,700
617175,705
617176,619
617176,638
617177,51
617177,2274
617177,3415
617177,2828
617177,613
617177,619
617177,638
617178,706
617178,647
617178,637
617179,647
617179,637
617180,639
617180,620
617180,1248
617180,711
617180,2305
617181,2305
617182,638
617182,700
617183,638
617183,700
617183,705
617184,637
617184,656
617184,242
617184,255
617186,637
617187,636
617188,656
617188,242
617188,255
617189,256
617189,240
617189,1175
617189,1165
617190,445
617190,2119
617190,319
617190,2855
617190,255
617191,256
617191,1151
617191,318
617191,447
617192,1151
617192,318
617192,447
617192,27
617193,318
617193,447
617194,256
617195,26
617195,445
617195,2119
617195,319
617196,26
617196,445
617196,2119
617196,319
617197,26
617197,445
617197,2119
617197,319
617198,445
617198,2119
617198,319
617199,255
617201,255
617202,255
617203,256
617203,244
617204,256
617207,613
617208,255
617211,251
617211,1759
617211,1142
617211,216
617211,226
617211,240
617212,251
617212,1759
617212,1142
617212,216
617212,226
617212,240
617213,251
617213,1759
617213,1142
617213,216
617213,226
617213,240
617214,818
617214,241
617215,212
617215,3547
617215,2884
617215,2972
617216,251
617216,1759
617216,1142
617217,978
617217,952
617218,636
617218,818
617218,508
617218,3106
617218,509
617220,509
617220,2816
617220,1782
617220,638
617221,509
617221,396
617222,782
617223,864
617223,323
617223,508
617223,3106
617223,509
617223,2816
617223,1782
617223,638
617227,1819
617227,617
617227,1330
617228,1248
617228,711
617229,3415
617229,2828
617229,613
617231,94
617231,1125
617231,216
617231,226
617231,240
617232,94
617232,1125
617232,216
617232,226
617233,94
617233,1125
617233,216
617233,226
617234,3136
617234,94
617234,1125
617234,216
617234,226
617235,3136
617235,94
617235,1125
617235,216
617235,226
617236,242
617236,884
617236,217
617236,115
617236,91
617236,3136
617237,242
617237,884
617237,217
617237,115
617237,91
617238,242
617238,884
617238,217
617238,115
617238,91
617238,3136
617240,115
617240,91
617240,3136
617242,788
617242,216
617242,226
617242,240
617242,1330
617242,3107
617242,447
617242,1249
617242,3134
617243,508
617243,3107
617243,447
617243,1249
617243,3134
617244,788
617244,216
617244,226
617244,240
617244,1330
617244,3107
617245,788
617245,2554
617246,788
617246,216
617246,226
617246,240
617246,1330
617247,788
617247,216
617247,226
617247,240
617247,1330
617250,216
617250,226
617250,240
617250,1330
617252,469
617252,3132
617252,2119
617252,3104
617252,547
617252,242
617252,884
617252,217
617253,2119
617253,3104
617253,547
617253,242
617253,884
617253,217
617253,2479
617254,3134
617254,3132
617254,2119
617254,509
617254,547
617254,1175
617256,3134
617256,3132
617256,2119
617256,3104
617256,547
617256,242
617256,884
617256,217
617256,2479
617257,2119
617257,3104
617257,547
617257,242
617257,884
617257,217
617257,788
617259,547
617259,242
617259,884
617259,217
617259,788
617260,788
617260,2554
617264,1901
617264,604
617264,711
617266,3415
617266,2828
617266,603
617266,1900
617267,1248
617267,711
617268,711
617270,3415
617270,2828
617270,613
617273,603
617273,1900
617277,2273
617277,2305
617278,1149
617278,251
617279,55
617279,2796
617279,2274
617279,2304
617279,3415
617279,2828
617279,3239
617279,1740
617279,1330
617279,2954
617279,508
617279,3102
617279,2861
617279,1149
617279,251
617280,55
617280,2274
617280,2304
617280,3415
617280,2828
617281,2274
617281,2304
617281,3415
617281,2828
617281,637
617282,55
617282,2796
617282,2274
617282,2304
617282,3415
617282,2828
617282,637
617283,2884
617283,271
617283,2863
617283,3102
617283,509
617283,2953
617283,546
617283,1741
617283,711
617283,2273
617283,2305
617283,2796
617284,2861
617284,1906
617284,1149
617284,251
617286,2855
617287,786
617287,116
617288,786
617288,116
617288,788
617289,786
617289,1142
617290,1901
617290,604
617290,711
617290,2305
617292,711
617292,2305
617293,603
617293,1900
617294,2274
617294,3415
617294,2828
617295,891
617295,1138
617295,3412
617295,211
617295,240
617295,508
617295,3104
617295,509
617295,546
617295,27
617296,891
617296,1138
617296,3412
617296,211
617296,240
617296,508
617297,509
617297,546
617297,27
617298,1138
617298,3412
617298,211
617298,240
617300,26
617300,1330
617300,508
617300,3104
617300,509
617300,242
617300,212
617300,3416
617300,1251
617301,509
617301,242
617301,212
617301,3416
617301,1251
617302,26
617302,1330
617302,508
617303,26
617303,1330
617303,3517
617303,545
617303,543
617303,1175
617304,553
617304,1740
617304,1330
617304,508
617304,3103
617304,480
617307,803
617307,553
617307,1740
617307,1330
617307,508
617308,509
617310,2528
617310,481
617310,3103
617310,509
617310,546
617310,1743
617310,554
617311,2528
617311,481
617311,509
617311,547
617314,3561
617314,553
617314,1740
617314,1330
617314,508
617317,509
617318,3008
617318,891
617318,1138
617318,211
617318,240
617318,508
617319,3561
617319,553
617319,804
617319,637
617324,3105
617324,509
617324,547
617325,582
617325,568
617325,575
617326,582
617326,568
617326,575
617326,1740
617326,874
617326,613
617327,576
617327,567
617329,582
617329,568
617335,1819
617335,1743
617343,977
617343,1312
617344,241
617344,494
617345,494
617346,1312
617349,255
617349,261
617349,179
617349,165
617351,164
617351,2977
617351,180
617351,262
617351,256
617353,164
617353,2977
617353,180
617353,262
617353,256
617355,242
617355,884
617355,217
617355,2479
617355,115
617356,114
617356,788
617356,216
617356,226
617357,114
617357,788
617357,216
617357,226
617357,952
617357,1782
617359,818
617359,242
617359,884
617359,217
617359,2479
617359,115
617363,271
617363,281
617365,864
617365,323
617365,508
617365,3106
617366,864
617366,323
617366,508
617366,3106
617366,509
617366,2816
617366,1782
617366,638
617372,1901
617372,613
617373,1901
617373,613
617380,635
617380,1892
617380,603
617380,1900
617381,1892
617381,603
617381,1900
617382,1892
617382,603
617382,1900
617383,620
617385,635
617387,1125
617387,114
617387,211
617387,240
617388,1125
617388,114
617389,242
617389,212
617389,115
617389,1025
617390,115
617390,1025
617396,91
617396,798
617396,994
617398,115
617398,1139
617398,981
617398,799
617398,1025
617402,1160
617402,639
617402,620
617402,1892
617402,568
617403,1160
617403,3413
617403,639
617403,620
617403,1892
617403,567
617404,568
617404,1189
617404,613
617404,619
617404,637
617404,644
617404,1329
617404,665
617416,568
617416,613
617416,619
617416,637
617416,644
617417,567
617417,613
617417,619
617417,637
617417,644
617418,1160
617420,1329
617420,665
617423,638
617425,637
617425,666
617425,212
617425,195
617425,179
617427,637
